101 Joe 1000 75 150 775
104 Robert 1100 75 275 750
110 Mary 780 25 117 638
113 Dylan 740 25 111 604
121 Jose 589 10 88.35 490.65
122 Jasco 709.5 10 106.425 593.075
124 Amelia 157.5 0 15.75 141.75
125 Sally 262.5 0 26.25 236.25
140 Alice 1250 25 312.5 912.5
142 Lana 975 25 146.25 803.75
143 Lea 1050 25 262.5 762.5
150 Aya 638 25 95.7 517.3
154 Lucas 536.5 10 80.475 446.025
159 Amanda 362.5 0 36.25 326.25
160 Juan 230 0 23 207
161 Liam 800 25 120 655
162 Mason 287.1 0 28.71 258.39
165 Daniel 925 25 138.75 761.25
166 Bill 272.5 0 27.25 245.25
170 Sophia 643.5 25 96.525 521.975
175 Emily 792 10 118.8 663.2
181 Olivia 126 0 12.6 113.4
191 Deven 900 25 135 740
197 Emily 850 10 127.5 712.5
198 Emma 184 0 18.4 165.6
199 Neil 902 75 135.3 691.7
